/*
  Copyright 2006 The University of Texas at Austin

        Authors: Sangmin Park <smpark@ices.utexas.edu>
        Advisor: Chandrajit Bajaj <bajaj@cs.utexas.edu>

  This file is part of PEDetection.

  PEDetection is free software; you can redistribute it and/or
  modify it under the terms of the GNU Lesser General Public
  License version 2.1 as published by the Free Software Foundation.

  PEDetection is distributed in the hope that it will be useful,
  but WITHOUT ANY WARRANTY; without even the implied warranty of
  MERCHANTABILITY or FITNESS FOR A PARTICULAR PURPOSE.  See the GNU
  Lesser General Public License for more details.

  You should have received a copy of the GNU Lesser General Public
  License along with this library; if not, write to the Free Software
  Foundation, Inc., 51 Franklin Street, Fifth Floor, Boston, MA  02110-1301
  USA
*/

#ifndef FILE_CONTROL_H
#define FILE_CONTROL_H

template <class T>
float *Calculate_Gradient_Magnitude(T *data, double &Min, double &Max);

template <class T> float *Calculate_Gradient_Vectors(T *data);

float *Calculate_Gradient_Magnitude_From_Vectors(float *Gradient_Vectors,
                                                 double &Min, double &Max);

void SaveImage(int Width, int Height, unsigned char *Image, char *PPMFile);

template <class T>
void SaveOrigSlicesWithInitialValues(T *data, float Minf, float Maxf,
                                     int NumInitialValues,
                                     int *InitialValueLocations);

template <class T>
void SaveHistogram(float *Material_Prob, int *Histogram, T *data, float Minf,
                   float Maxf, float HistoF, int WindowSize, int NumMaterials,
                   char *name);
template <class T>
void SaveMaterialVolume_Boundary(float *Material_Prob, T *data, float Minf,
                                 float Maxf, int WindowSize, int NumMaterials,
                                 char *Name);

template <class T>
void SaveOrigSlices(T *data, float Minf, float Maxf, int WindowSize,
                    int NumMaterials);

template <class T>
void SaveMaterialVolume(float *Material_Prob, T *data, float Minf, float Maxf,
                        int WindowSize, int NumMaterials, char *Name);

void SaveClassification(float *Material_Prob, float Minf, float Maxf,
                        int WindowSize, int NumMaterials, char *Name);

void SaveGradient(float *Gradientf, float *Filtered_Gradientf,
                  double GradientMind, double GradientMaxd, int WindowSize,
                  int NumMaterials);

template <class T>
void Classification(T *data_org, int NumMaterials, int WindowSize);

template <class T>
void SaveClassificationWithHistogram(T data, float *Material_Prob, float Minf,
                                     float Maxf, int *Histo, float HistoF,
                                     int WindowSize, int NumMaterials,
                                     char *Name);
template <class T>
void SaveRangesWithHistogram(T *data, float *Material_Prob, float Minf,
                             float Maxf, int *Histogram,
                             float HistogramFactor, int WindowSize,
                             int NumFoundInitialValues, char *name);

template <class T>
void SaveMaterialVolumeWithHistogram(T *data, float *Material_Prob,
                                     float Minf, float Maxf, int *Histo,
                                     float HistoF, int WindowSize,
                                     int NumMaterials, char *Name);

template <class T>
T *Bilateral_Filter(T *data, int WindowSize, double &Min, double &Max,
                    double S1, double S2);

template <class T>
int ReadInitialValues(char *IValueFileName, int NumClusters,
                      int &NumInitialValues, int *IValues);

int FindAMaxInitialValue(char *IValueFileName);

template <class T>
void SaveMembershipValues(T *data, float *Material_Prob, float Minf,
                          float Maxf, int *Histo, float HistoF,
                          int NumClusters);

template <class T>
void SaveVolumeRawV(T *data, unsigned char *GradMag,
                    unsigned char *DistVolume, char *Name);

template <class T>
void SaveVolume(T *data, float Minf, float Maxf, char *Name);

int *ReadSeedPts(char *IValueFileName, int &NumSeedPts_Ret);

int Index(int X, int Y, int Z);
long int Index(long int X, long int Y, long int Z);

void Anisotropic_Diffusion_3D(float *Vectors, int NumIterations);

template <class T> void GaussianSmoothing3D(T *data, int WindowSize);

template <class T> float *MLCA_Smoothing(T *Data_in, int NumRepeatition);

void Anisotropic_Vector_Diffusion_3D(float *Vectors, int NumIterations);

void SwapByteOrder(unsigned char *data);
void SwapByteOrder(char *data);
void SwapByteOrder(unsigned short *data);
void SwapByteOrder(short *data);
void SwapByteOrder(float *data);
void SwapByteOrder(unsigned int *data);
void SwapByteOrder(int *data);

extern float SpanX_gf, SpanY_gf, SpanZ_gf;
extern char *DoSwapByteOrder_gc;

double GaussianKernel_3x3x3_d[3][3][3] = {{
                                              {
                                                  0.0205862828,
                                                  0.0339410423,
                                                  0.0205862828,
                                              },
                                              {
                                                  0.0339410423,
                                                  0.0559593185,
                                                  0.0339410423,
                                              },
                                              {
                                                  0.0205862828,
                                                  0.0339410423,
                                                  0.0205862828,
                                              },
                                          },
                                          {
                                              {
                                                  0.0339410423,
                                                  0.0559593185,
                                                  0.0339410423,
                                              },
                                              {
                                                  0.0559593185,
                                                  0.0922613186,
                                                  0.0559593185,
                                              },
                                              {
                                                  0.0339410423,
                                                  0.0559593185,
                                                  0.0339410423,
                                              },
                                          },
                                          {
                                              {
                                                  0.0205862828,
                                                  0.0339410423,
                                                  0.0205862828,
                                              },
                                              {
                                                  0.0339410423,
                                                  0.0559593185,
                                                  0.0339410423,
                                              },
                                              {
                                                  0.0205862828,
                                                  0.0339410423,
                                                  0.0205862828,
                                              },
                                          }};

double GaussianKernel_5x5x5_d[5][5][5] = {{
                                              {
                                                  0.0001617778,
                                                  0.0007250379,
                                                  0.0011953854,
                                                  0.0007250379,
                                                  0.0001617778,
                                              },
                                              {
                                                  0.0007250379,
                                                  0.0032493943,
                                                  0.0053573455,
                                                  0.0032493943,
                                                  0.0007250379,
                                              },
                                              {
                                                  0.0011953854,
                                                  0.0053573455,
                                                  0.0088327695,
                                                  0.0053573455,
                                                  0.0011953854,
                                              },
                                              {
                                                  0.0007250379,
                                                  0.0032493943,
                                                  0.0053573455,
                                                  0.0032493943,
                                                  0.0007250379,
                                              },
                                              {
                                                  0.0001617778,
                                                  0.0007250379,
                                                  0.0011953854,
                                                  0.0007250379,
                                                  0.0001617778,
                                              },
                                          },
                                          {
                                              {
                                                  0.0007250379,
                                                  0.0032493943,
                                                  0.0053573455,
                                                  0.0032493943,
                                                  0.0007250379,
                                              },
                                              {
                                                  0.0032493943,
                                                  0.0145627750,
                                                  0.0240099569,
                                                  0.0145627750,
                                                  0.0032493943,
                                              },
                                              {
                                                  0.0053573455,
                                                  0.0240099569,
                                                  0.0395857266,
                                                  0.0240099569,
                                                  0.0053573455,
                                              },
                                              {
                                                  0.0032493943,
                                                  0.0145627750,
                                                  0.0240099569,
                                                  0.0145627750,
                                                  0.0032493943,
                                              },
                                              {
                                                  0.0007250379,
                                                  0.0032493943,
                                                  0.0053573455,
                                                  0.0032493943,
                                                  0.0007250379,
                                              },
                                          },
                                          {
                                              {
                                                  0.0011953854,
                                                  0.0053573455,
                                                  0.0088327695,
                                                  0.0053573455,
                                                  0.0011953854,
                                              },
                                              {
                                                  0.0053573455,
                                                  0.0240099569,
                                                  0.0395857266,
                                                  0.0240099569,
                                                  0.0053573455,
                                              },
                                              {
                                                  0.0088327695,
                                                  0.0395857266,
                                                  0.0652658294,
                                                  0.0395857266,
                                                  0.0088327695,
                                              },
                                              {
                                                  0.0053573455,
                                                  0.0240099569,
                                                  0.0395857266,
                                                  0.0240099569,
                                                  0.0053573455,
                                              },
                                              {
                                                  0.0011953854,
                                                  0.0053573455,
                                                  0.0088327695,
                                                  0.0053573455,
                                                  0.0011953854,
                                              },
                                          },
                                          {
                                              {
                                                  0.0007250379,
                                                  0.0032493943,
                                                  0.0053573455,
                                                  0.0032493943,
                                                  0.0007250379,
                                              },
                                              {
                                                  0.0032493943,
                                                  0.0145627750,
                                                  0.0240099569,
                                                  0.0145627750,
                                                  0.0032493943,
                                              },
                                              {
                                                  0.0053573455,
                                                  0.0240099569,
                                                  0.0395857266,
                                                  0.0240099569,
                                                  0.0053573455,
                                              },
                                              {
                                                  0.0032493943,
                                                  0.0145627750,
                                                  0.0240099569,
                                                  0.0145627750,
                                                  0.0032493943,
                                              },
                                              {
                                                  0.0007250379,
                                                  0.0032493943,
                                                  0.0053573455,
                                                  0.0032493943,
                                                  0.0007250379,
                                              },
                                          },
                                          {
                                              {
                                                  0.0001617778,
                                                  0.0007250379,
                                                  0.0011953854,
                                                  0.0007250379,
                                                  0.0001617778,
                                              },
                                              {
                                                  0.0007250379,
                                                  0.0032493943,
                                                  0.0053573455,
                                                  0.0032493943,
                                                  0.0007250379,
                                              },
                                              {
                                                  0.0011953854,
                                                  0.0053573455,
                                                  0.0088327695,
                                                  0.0053573455,
                                                  0.0011953854,
                                              },
                                              {
                                                  0.0007250379,
                                                  0.0032493943,
                                                  0.0053573455,
                                                  0.0032493943,
                                                  0.0007250379,
                                              },
                                              {
                                                  0.0001617778,
                                                  0.0007250379,
                                                  0.0011953854,
                                                  0.0007250379,
                                                  0.0001617778,
                                              },
                                          }};

double GaussianKernel_7x7x7_d[7][7][7] = {
    {
        {
            0.0000000871,
            0.0000010613,
            0.0000047565,
            0.0000078421,
            0.0000047565,
            0.0000010613,
            0.0000000871,
        },
        {
            0.0000010613,
            0.0000129294,
            0.0000579457,
            0.0000955364,
            0.0000579457,
            0.0000129294,
            0.0000010613,
        },
        {
            0.0000047565,
            0.0000579457,
            0.0002596948,
            0.0004281643,
            0.0002596948,
            0.0000579457,
            0.0000047565,
        },
        {
            0.0000078421,
            0.0000955364,
            0.0004281643,
            0.0007059236,
            0.0004281643,
            0.0000955364,
            0.0000078421,
        },
        {
            0.0000047565,
            0.0000579457,
            0.0002596948,
            0.0004281643,
            0.0002596948,
            0.0000579457,
            0.0000047565,
        },
        {
            0.0000010613,
            0.0000129294,
            0.0000579457,
            0.0000955364,
            0.0000579457,
            0.0000129294,
            0.0000010613,
        },
        {
            0.0000000871,
            0.0000010613,
            0.0000047565,
            0.0000078421,
            0.0000047565,
            0.0000010613,
            0.0000000871,
        },
    },
    {
        {
            0.0000010613,
            0.0000129294,
            0.0000579457,
            0.0000955364,
            0.0000579457,
            0.0000129294,
            0.0000010613,
        },
        {
            0.0000129294,
            0.0001575128,
            0.0007059236,
            0.0011638712,
            0.0007059236,
            0.0001575128,
            0.0000129294,
        },
        {
            0.0000579457,
            0.0007059236,
            0.0031637300,
            0.0052161089,
            0.0031637300,
            0.0007059236,
            0.0000579457,
        },
        {
            0.0000955364,
            0.0011638712,
            0.0052161089,
            0.0085999098,
            0.0052161089,
            0.0011638712,
            0.0000955364,
        },
        {
            0.0000579457,
            0.0007059236,
            0.0031637300,
            0.0052161089,
            0.0031637300,
            0.0007059236,
            0.0000579457,
        },
        {
            0.0000129294,
            0.0001575128,
            0.0007059236,
            0.0011638712,
            0.0007059236,
            0.0001575128,
            0.0000129294,
        },
        {
            0.0000010613,
            0.0000129294,
            0.0000579457,
            0.0000955364,
            0.0000579457,
            0.0000129294,
            0.0000010613,
        },
    },
    {
        {
            0.0000047565,
            0.0000579457,
            0.0002596948,
            0.0004281643,
            0.0002596948,
            0.0000579457,
            0.0000047565,
        },
        {
            0.0000579457,
            0.0007059236,
            0.0031637300,
            0.0052161089,
            0.0031637300,
            0.0007059236,
            0.0000579457,
        },
        {
            0.0002596948,
            0.0031637300,
            0.0141788542,
            0.0233769785,
            0.0141788542,
            0.0031637300,
            0.0002596948,
        },
        {
            0.0004281643,
            0.0052161089,
            0.0233769785,
            0.0385421216,
            0.0233769785,
            0.0052161089,
            0.0004281643,
        },
        {
            0.0002596948,
            0.0031637300,
            0.0141788542,
            0.0233769785,
            0.0141788542,
            0.0031637300,
            0.0002596948,
        },
        {
            0.0000579457,
            0.0007059236,
            0.0031637300,
            0.0052161089,
            0.0031637300,
            0.0007059236,
            0.0000579457,
        },
        {
            0.0000047565,
            0.0000579457,
            0.0002596948,
            0.0004281643,
            0.0002596948,
            0.0000579457,
            0.0000047565,
        },
    },
    {
        {
            0.0000078421,
            0.0000955364,
            0.0004281643,
            0.0007059236,
            0.0004281643,
            0.0000955364,
            0.0000078421,
        },
        {
            0.0000955364,
            0.0011638712,
            0.0052161089,
            0.0085999098,
            0.0052161089,
            0.0011638712,
            0.0000955364,
        },
        {
            0.0004281643,
            0.0052161089,
            0.0233769785,
            0.0385421216,
            0.0233769785,
            0.0052161089,
            0.0004281643,
        },
        {
            0.0007059236,
            0.0085999098,
            0.0385421216,
            0.0635452157,
            0.0385421216,
            0.0085999098,
            0.0007059236,
        },
        {
            0.0004281643,
            0.0052161089,
            0.0233769785,
            0.0385421216,
            0.0233769785,
            0.0052161089,
            0.0004281643,
        },
        {
            0.0000955364,
            0.0011638712,
            0.0052161089,
            0.0085999098,
            0.0052161089,
            0.0011638712,
            0.0000955364,
        },
        {
            0.0000078421,
            0.0000955364,
            0.0004281643,
            0.0007059236,
            0.0004281643,
            0.0000955364,
            0.0000078421,
        },
    },
    {
        {
            0.0000047565,
            0.0000579457,
            0.0002596948,
            0.0004281643,
            0.0002596948,
            0.0000579457,
            0.0000047565,
        },
        {
            0.0000579457,
            0.0007059236,
            0.0031637300,
            0.0052161089,
            0.0031637300,
            0.0007059236,
            0.0000579457,
        },
        {
            0.0002596948,
            0.0031637300,
            0.0141788542,
            0.0233769785,
            0.0141788542,
            0.0031637300,
            0.0002596948,
        },
        {
            0.0004281643,
            0.0052161089,
            0.0233769785,
            0.0385421216,
            0.0233769785,
            0.0052161089,
            0.0004281643,
        },
        {
            0.0002596948,
            0.0031637300,
            0.0141788542,
            0.0233769785,
            0.0141788542,
            0.0031637300,
            0.0002596948,
        },
        {
            0.0000579457,
            0.0007059236,
            0.0031637300,
            0.0052161089,
            0.0031637300,
            0.0007059236,
            0.0000579457,
        },
        {
            0.0000047565,
            0.0000579457,
            0.0002596948,
            0.0004281643,
            0.0002596948,
            0.0000579457,
            0.0000047565,
        },
    },
    {
        {
            0.0000010613,
            0.0000129294,
            0.0000579457,
            0.0000955364,
            0.0000579457,
            0.0000129294,
            0.0000010613,
        },
        {
            0.0000129294,
            0.0001575128,
            0.0007059236,
            0.0011638712,
            0.0007059236,
            0.0001575128,
            0.0000129294,
        },
        {
            0.0000579457,
            0.0007059236,
            0.0031637300,
            0.0052161089,
            0.0031637300,
            0.0007059236,
            0.0000579457,
        },
        {
            0.0000955364,
            0.0011638712,
            0.0052161089,
            0.0085999098,
            0.0052161089,
            0.0011638712,
            0.0000955364,
        },
        {
            0.0000579457,
            0.0007059236,
            0.0031637300,
            0.0052161089,
            0.0031637300,
            0.0007059236,
            0.0000579457,
        },
        {
            0.0000129294,
            0.0001575128,
            0.0007059236,
            0.0011638712,
            0.0007059236,
            0.0001575128,
            0.0000129294,
        },
        {
            0.0000010613,
            0.0000129294,
            0.0000579457,
            0.0000955364,
            0.0000579457,
            0.0000129294,
            0.0000010613,
        },
    },
    {
        {
            0.0000000871,
            0.0000010613,
            0.0000047565,
            0.0000078421,
            0.0000047565,
            0.0000010613,
            0.0000000871,
        },
        {
            0.0000010613,
            0.0000129294,
            0.0000579457,
            0.0000955364,
            0.0000579457,
            0.0000129294,
            0.0000010613,
        },
        {
            0.0000047565,
            0.0000579457,
            0.0002596948,
            0.0004281643,
            0.0002596948,
            0.0000579457,
            0.0000047565,
        },
        {
            0.0000078421,
            0.0000955364,
            0.0004281643,
            0.0007059236,
            0.0004281643,
            0.0000955364,
            0.0000078421,
        },
        {
            0.0000047565,
            0.0000579457,
            0.0002596948,
            0.0004281643,
            0.0002596948,
            0.0000579457,
            0.0000047565,
        },
        {
            0.0000010613,
            0.0000129294,
            0.0000579457,
            0.0000955364,
            0.0000579457,
            0.0000129294,
            0.0000010613,
        },
        {
            0.0000000871,
            0.0000010613,
            0.0000047565,
            0.0000078421,
            0.0000047565,
            0.0000010613,
            0.0000000871,
        },
    },

};

double GaussianKernel_9x9x9_d[9][9][9] = {{
                                              {
                                                  0.0000000000,
                                                  0.0000000001,
                                                  0.0000000010,
                                                  0.0000000043,
                                                  0.0000000071,
                                                  0.0000000043,
                                                  0.0000000010,
                                                  0.0000000001,
                                                  0.0000000000,
                                              },
                                              {
                                                  0.0000000001,
                                                  0.0000000026,
                                                  0.0000000320,
                                                  0.0000001435,
                                                  0.0000002366,
                                                  0.0000001435,
                                                  0.0000000320,
                                                  0.0000000026,
                                                  0.0000000001,
                                              },
                                              {
                                                  0.0000000010,
                                                  0.0000000320,
                                                  0.0000003901,
                                                  0.0000017484,
                                                  0.0000028826,
                                                  0.0000017484,
                                                  0.0000003901,
                                                  0.0000000320,
                                                  0.0000000010,
                                              },
                                              {
                                                  0.0000000043,
                                                  0.0000001435,
                                                  0.0000017484,
                                                  0.0000078358,
                                                  0.0000129191,
                                                  0.0000078358,
                                                  0.0000017484,
                                                  0.0000001435,
                                                  0.0000000043,
                                              },
                                              {
                                                  0.0000000071,
                                                  0.0000002366,
                                                  0.0000028826,
                                                  0.0000129191,
                                                  0.0000212999,
                                                  0.0000129191,
                                                  0.0000028826,
                                                  0.0000002366,
                                                  0.0000000071,
                                              },
                                              {
                                                  0.0000000043,
                                                  0.0000001435,
                                                  0.0000017484,
                                                  0.0000078358,
                                                  0.0000129191,
                                                  0.0000078358,
                                                  0.0000017484,
                                                  0.0000001435,
                                                  0.0000000043,
                                              },
                                              {
                                                  0.0000000010,
                                                  0.0000000320,
                                                  0.0000003901,
                                                  0.0000017484,
                                                  0.0000028826,
                                                  0.0000017484,
                                                  0.0000003901,
                                                  0.0000000320,
                                                  0.0000000010,
                                              },
                                              {
                                                  0.0000000001,
                                                  0.0000000026,
                                                  0.0000000320,
                                                  0.0000001435,
                                                  0.0000002366,
                                                  0.0000001435,
                                                  0.0000000320,
                                                  0.0000000026,
                                                  0.0000000001,
                                              },
                                              {
                                                  0.0000000000,
                                                  0.0000000001,
                                                  0.0000000010,
                                                  0.0000000043,
                                                  0.0000000071,
                                                  0.0000000043,
                                                  0.0000000010,
                                                  0.0000000001,
                                                  0.0000000000,
                                              },
                                          },
                                          {
                                              {
                                                  0.0000000001,
                                                  0.0000000026,
                                                  0.0000000320,
                                                  0.0000001435,
                                                  0.0000002366,
                                                  0.0000001435,
                                                  0.0000000320,
                                                  0.0000000026,
                                                  0.0000000001,
                                              },
                                              {
                                                  0.0000000026,
                                                  0.0000000870,
                                                  0.0000010605,
                                                  0.0000047527,
                                                  0.0000078358,
                                                  0.0000047527,
                                                  0.0000010605,
                                                  0.0000000870,
                                                  0.0000000026,
                                              },
                                              {
                                                  0.0000000320,
                                                  0.0000010605,
                                                  0.0000129191,
                                                  0.0000578992,
                                                  0.0000954597,
                                                  0.0000578992,
                                                  0.0000129191,
                                                  0.0000010605,
                                                  0.0000000320,
                                              },
                                              {
                                                  0.0000001435,
                                                  0.0000047527,
                                                  0.0000578992,
                                                  0.0002594863,
                                                  0.0004278206,
                                                  0.0002594863,
                                                  0.0000578992,
                                                  0.0000047527,
                                                  0.0000001435,
                                              },
                                              {
                                                  0.0000002366,
                                                  0.0000078358,
                                                  0.0000954597,
                                                  0.0004278206,
                                                  0.0007053569,
                                                  0.0004278206,
                                                  0.0000954597,
                                                  0.0000078358,
                                                  0.0000002366,
                                              },
                                              {
                                                  0.0000001435,
                                                  0.0000047527,
                                                  0.0000578992,
                                                  0.0002594863,
                                                  0.0004278206,
                                                  0.0002594863,
                                                  0.0000578992,
                                                  0.0000047527,
                                                  0.0000001435,
                                              },
                                              {
                                                  0.0000000320,
                                                  0.0000010605,
                                                  0.0000129191,
                                                  0.0000578992,
                                                  0.0000954597,
                                                  0.0000578992,
                                                  0.0000129191,
                                                  0.0000010605,
                                                  0.0000000320,
                                              },
                                              {
                                                  0.0000000026,
                                                  0.0000000870,
                                                  0.0000010605,
